tree
version=v4
num_class=1
num_tree_per_iteration=1
label_index=0
max_feature_idx=12
objective=regression
feature_names=기온 기준습도 강수량 풍속 전운량 시간대 월 요일 GNSS-경도 GNSS-위도 풍향_sin 풍향_cos 국가지점번호
feature_infos=[-12.800000000000001:36.700000000000003] [18:99] [0:22.899999999999999] [0:6.5999999999999996] [0:10] [3:18] [1:12] [0:6] [126.93698759999999:127.0121] [37.613169900000003:37.680900000000001] [-1:1] [-1:1] -1:1:23:69:44:75:78:79:86:2:42:47:66:80:83:43:48:85:18:45:46:72:76:89:49:65:73:77:81:88:67:41:74:84:71:82:68:51:61:52:56:11:34:40:53:33:36:54:58:10:39:60:12:64:63:110:113:37:114:55:112:115:118:38:31:24:6:0:4:14:21:16:13:29:15:25:19:93:27:91:95:101:108:96:20:22:97:102:109:59:104:3:106:7:100:94:99:105:5:116:107:103:117:26:92:32:28:90:70:57:62:119:111:87:35:17:98:9:50:30
tree_sizes=1485 1481 1477 1477 1465 1477 1483 1479 1480 1471 1482 1474 1477 1485 1484 1481 1486 1484 1489 1485 1473 1500 1489 1481

Tree=0
num_leaves=15
num_cat=0
split_feature=0 2 0 6 10 6 6 6 10 0 11 0 2 11
split_gain=577658 176177 145075 130624 92179.2 72210.1 60568.6 51769.6 43050.8 42121.8 38563.5 70007.7 38354.4 52875.9
threshold=4.8500000000000005 0.65000000000000002 -6.1499999999999995 3.5000000000000004 -0.49240387650610401 11.500000000000002 9.5000000000000018 9.5000000000000018 -0.9698463103929541 -11.449999999999998 0.34202014332566893 10.500000000000002 0.15000000000000005 0.85286853195244328
decision_type=2 2 2 2 2 2 2 2 2 2 2 2 2 2
left_child=2 3 5 8 6 9 -4 -3 -2 -1 11 -5 13 -10
right_child=1 7 4 10 -6 -7 -8 -9 12 -11 -12 -13 -14 -15
leaf_value=0.55009567794347103 0.19837593631240175 -0.17337359765342106 0.10498830547498728 0.098009210453642706 0.018326727598459349 0.64135473972644608 0.26163420994764963 -0.40869702803036206 0.046827959289867903 0.20506205184536896 -0.088297768524298853 -0.050444239883464491 0.4397879283397253 -0.3014961375195731
leaf_weight=353 1932 3176 9036 3232 9484 452 2946 1145 5473 3236 19444 24741 204 422
leaf_count=353 1932 3176 9036 3232 9484 452 2946 1145 5473 3236 19444 24741 204 422
internal_value=-0.00026956 -0.0512772 0.119252 -0.0368977 0.0882052 0.284142 0.143512 -0.235772 0.0749837 0.239071 -0.0558477 -0.0332904 0.0358828 0.0218688
internal_weight=85276 59769 25507 55448 21466 4041 11982 4321 8031 3589 47417 27973 6099 5895
internal_count=85276 59769 25507 55448 21466 4041 11982 4321 8031 3589 47417 27973 6099 5895
is_linear=0
shrinkage=1


Tree=1
num_leaves=15
num_cat=0
split_feature=1 0 1 0 5 0 7 11 0 4 1 3 0 1
split_gain=810816 428375 130206 159457 106995 82385.1 137401 64995.8 63813.3 60793.7 60193.4 50575.2 55811.3 47946.2
threshold=81.500000000000014 14.450000000000001 50.500000000000007 -6.1499999999999995 17.500000000000004 13.800000000000002 2.5000000000000004 0.17101007166283447 9.1500000000000004 7.5000000000000009 40.500000000000007 2.2500000000000004 4.4500000000000011 90.500000000000014
decision_type=2 2 2 2 2 2 2 2 2 2 2 2 2 2
left_child=1 2 3 -1 13 -5 -7 8 -4 11 -3 12 -9 -2
right_child=4 10 7 5 -6 6 -8 9 -10 -11 -12 -13 -14 -15
leaf_value=0.48221952787362621 -0.088633946688716117 0.059338749696834545 0.18636438497350208 0.1388206083282825 -0.28693711526145449 0.29639324302630327 1.5515671562474433 0.026426567022585931 0.019528092018763675 0.13310419663778478 -0.062734790062437762 0.11137146498947285 -0.1366292165511088 -0.19358067085515251
leaf_weight=1549 12057 4410 7159 10552 4465 443 95 4826 2899 4450 20686 2776 3104 5805
leaf_count=1549 12057 4410 7159 10552 4465 443 95 4826 2899 4450 20686 2776 3104 5805
internal_value=-0.000261198 0.054831 0.118553 0.197139 -0.155587 0.1573 0.519272 0.0791565 0.138281 0.0399161 -0.0412825 0.00117735 -0.0374017 -0.122745
internal_weight=85276 62949 37853 12639 22327 11090 538 25214 10058 15156 25096 10706 7930 17862
internal_count=85276 62949 37853 12639 22327 11090 538 25214 10058 15156 25096 10706 7930 17862
is_linear=0
shrinkage=0.03


Tree=2
num_leaves=15
num_cat=0
split_feature=0 2 0 6 3 6 3 11 0 3 6 3 5 11
split_gain=516847 156301 128901 113937 75625.3 66235.8 65955.8 54555.2 50652 50572.2 48697.6 40280.6 36803.2 34943.6
threshold=4.8500000000000005 0.65000000000000002 -6.1499999999999995 3.5000000000000004 0.55000000000000016 11.500000000000002 1.8500000000000003 0.17101007166283447 6.2500000000000009 2.8500000000000001 9.5000000000000018 0.25000000000000006 17.500000000000004 0.34202014332566893
decision_type=2 2 2 2 2 2 2 2 2 2 2 2 2 2
left_child=2 3 5 4 8 6 -1 -4 -2 11 12 -9 -3 -5
right_child=1 10 7 13 -6 -7 -8 9 -10 -11 -12 -13 -14 -15
leaf_value=0.069995175310336735 -0.031192183536145741 -0.059219079175453757 0.1376139184346421 -0.031182775385876174 0.083005632055329598 0.61034395287866738 0.33173111300862401 -0.59956541223176496 -1.0718171552691544 0.17803921594109945 -0.38999147099704007 0.019513836356557332 -0.26347779205925098 -0.083544821953802639
leaf_weight=1463 83 1582 9421 27973 7863 452 2126 95 85 2023 1145 9927 1594 19444
leaf_count=1463 83 1582 9421 27973 7863 452 2126 95 85 2023 1145 9927 1594 19444
internal_value=-0.000252963 -0.0485011 0.112803 -0.034957 0.0695342 0.26823 0.225064 0.0835376 -0.559335 0.0412376 -0.222277 0.0136156 -0.161761 -0.0526553
internal_weight=85276 59769 25507 55448 8031 4041 3589 21466 168 12045 4321 10022 3176 47417
internal_count=85276 59769 25507 55448 8031 4041 3589 21466 168 12045 4321 10022 3176 47417
is_linear=0
shrinkage=0.03


Tree=3
num_leaves=15
num_cat=0
split_feature=1 0 1 0 5 0 7 10 4 1 0 4 1 0
split_gain=742538 385823 117840 142045 97549.9 77951 129089 63603.6 60499.9 55706.9 47798.8 45384.4 43820.8 40464.2
threshold=81.500000000000014 14.450000000000001 50.500000000000007 -6.1499999999999995 17.500000000000004 13.800000000000002 2.5000000000000004 -0.9698463103929541 7.5000000000000009 40.500000000000007 4.2500000000000009 1.0000000180025095e-35 90.500000000000014 17.950000000000003
decision_type=2 2 2 2 2 2 2 2 2 2 2 2 2 2
left_child=1 2 3 -1 12 -5 11 -4 10 13 -9 -7 -2 -3
right_child=4 9 7 5 -6 6 -8 8 -10 -11 -12 -13 -14 -15
leaf_value=0.45677780874026808 -0.084918135761501964 0.189893985614035 0.16175310967035486 0.13213515952153934 -0.2743063298978517 0.67574270420359139 1.5027866490548816 0.069045920997698282 0.13214558022242051 -0.059376364205420334 -0.043060573808122386 0.049651752723707636 -0.18524839359972198 -0.0045708020735395639
leaf_weight=1549 12057 1420 5892 10552 4465 167 95 7126 5610 20686 6586 276 5805 2990
leaf_count=1549 12057 1420 5892 10552 4465 167 95 7126 5610 20686 6586 276 5805 2990
internal_value=-0.000245567 0.052476 0.11295 0.187711 -0.148887 0.15011 0.502206 0.0754714 0.0491572 -0.038739 0.0152003 0.286175 -0.117529 0.0580597
internal_weight=85276 62949 37853 12639 22327 11090 538 25214 19322 25096 13712 443 17862 4410
internal_count=85276 62949 37853 12639 22327 11090 538 25214 19322 25096 13712 443 17862 4410
is_linear=0
shrinkage=0.03


Tree=4
num_leaves=15
num_cat=0
split_feature=0 2 0 6 10 3 6 3 6 4 0 6 3 5
split_gain=462295 138605 114429 99649.6 75172.5 69928.8 60698.7 60226.9 57673.9 65059 47677.1 45695.7 37585.6 33847.9
threshold=4.8500000000000005 0.65000000000000002 -6.1499999999999995 3.5000000000000004 -0.49240387650610401 0.55000000000000016 11.500000000000002 2.1500000000000008 9.5000000000000018 8.5000000000000018 6.2500000000000009 9.5000000000000018 0.25000000000000006 17.500000000000004
decision_type=2 2 2 2 2 2 2 2 2 2 2 2 2 2
left_child=2 3 6 5 8 10 7 -1 -4 -10 -2 13 -6 -3
right_child=1 11 4 -5 12 -7 -8 -9 9 -11 -12 -13 -14 -15
leaf_value=0.097505403234579097 -0.027729731245853095 -0.052554973164619212 0.091465776890065548 -0.049665712886042122 -0.57614428986554145 0.077560344885371932 0.58062780413337833 0.34396462753513196 0.28809099262578214 -0.20944813085015798 -1.037318049782201 -0.37197275720101575 0.02202994462764709 -0.2484389522042395
leaf_weight=1925 83 1582 9036 47417 95 7863 452 1664 2687 259 85 1145 9389 1594
leaf_count=1925 83 1582 9036 47417 95 7863 452 1664 2687 259 85 1145 9389 1594
internal_value=-0.000237718 -0.0458686 0.106685 -0.0331143 0.0791117 0.0646061 0.253128 0.211806 0.129057 0.24432 -0.540114 -0.209512 0.0160077 -0.150892
internal_weight=85276 59769 25507 55448 21466 8031 4041 3589 11982 2946 168 4321 9484 3176
internal_count=85276 59769 25507 55448 21466 8031 4041 3589 11982 2946 168 4321 9484 3176
is_linear=0
shrinkage=0.03


Tree=5
num_leaves=15
num_cat=0
split_feature=1 0 1 0 5 0 4 11 6 4 1 0 1 3
split_gain=682841 359119 105159 121830 92480.2 73967.8 118703 58265.3 57595.1 58097 51506.9 48135.3 47767.9 43963.2
threshold=81.500000000000014 14.450000000000001 50.500000000000007 -6.1499999999999995 17.500000000000004 13.800000000000002 1.0000000180025095e-35 0.17101007166283447 11.500000000000002 7.5000000000000009 40.500000000000007 9.1500000000000004 79.500000000000014 1.9500000000000002
decision_type=2 2 2 2 2 2 2 2 2 2 2 2 2 2
left_child=1 2 3 -1 -2 -5 -7 11 9 13 -3 -4 -10 -9
right_child=4 10 7 5 -6 6 -8 8 12 -11 -12 -13 -14 -15
leaf_value=0.42763367928146118 -0.11172521248860287 0.05611460452524928 0.17127846029005905 0.1271970230643138 -0.26407157188443708 0.9411632717832048 0.051681480621558626 -0.075362486007277851 0.22773575467219459 0.11261367744693714 -0.056998985305097255 0.025604016727133781 -0.46822286108088362 0.059120824339609586
leaf_weight=1561 17881 4390 7147 10600 4486 264 276 5936 1764 3845 20729 2858 93 3464
leaf_count=1561 17881 4390 7147 10600 4486 264 276 5936 1764 3845 20729 2858 93 3464
internal_value=8.8332e-05 0.050695 0.10911 0.179454 -0.142286 0.14466 0.487013 0.0735222 0.0363219 0.0143815 -0.0372295 0.129669 0.192763 -0.0258031
internal_weight=85294 62927 37808 12701 22367 11140 540 25107 15102 13245 25119 10005 1857 9400
internal_count=85294 62927 37808 12701 22367 11140 540 25107 15102 13245 25119 10005 1857 9400
is_linear=0
shrinkage=0.03


Tree=6
num_leaves=15
num_cat=0
split_feature=1 0 0 1 0 1 1 1 11 0 0 0 3 0
split_gain=642490 337898 99466.8 73141.7 144236 67036.8 64389.5 48463.1 44382.7 46049.7 84818.9 62363.8 40870.8 39177.2
threshold=81.500000000000014 14.450000000000001 -5.6999999999999984 34.500000000000007 13.800000000000002 50.500000000000007 90.500000000000014 40.500000000000007 1.0000000180025095e-35 -2.8499999999999992 4.4500000000000011 -3.0999999999999996 1.9500000000000002 -11.449999999999998
decision_type=2 2 2 2 2 2 2 2 2 2 2 2 2 2
left_child=1 2 5 4 -4 -1 -2 -3 -5 11 -11 -10 -12 -7
right_child=6 7 3 8 -6 13 -8 -9 9 10 12 -13 -14 -15
leaf_value=0.36455354489581793 -0.10028292435658835 0.05443135879768124 0.17190529097649815 0.11209822036601584 1.0302468941205307 0.47515930934640804 -0.2066904801577239 -0.055289054579101604 -0.07333639028754059 0.13433318851137122 -0.06576868378972843 -0.89158839574206483 0.071923253610873913 0.10166502858666433
leaf_weight=2021 14436 4390 3200 13500 186 280 7931 20729 1326 6551 4866 89 3226 2563
leaf_count=2021 14436 4390 3200 13500 186 280 7931 20729 1326 6551 4866 89 3226 2563
internal_value=8.59018e-05 0.0491746 0.105838 0.0871378 0.219202 0.23247 -0.138017 -0.0361126 0.0720058 0.0382973 0.054091 -0.125101 -0.0108743 0.138528
internal_weight=85294 62927 37808 32944 3386 4864 22367 25119 29558 16058 14643 1415 8092 2843
internal_count=85294 62927 37808 32944 3386 4864 22367 25119 29558 16058 14643 1415 8092 2843
is_linear=0
shrinkage=0.03


Tree=7
num_leaves=15
num_cat=0
split_feature=1 6 6 5 1 1 1 3 3 4 1 1 6 6
split_gain=604522 177494 247565 86412.4 54999.4 54287.8 50004.8 56980.6 57346.5 71425.7 49815.1 36769.7 44697.9 35857.1
threshold=81.500000000000014 3.5000000000000004 11.500000000000002 17.500000000000004 34.500000000000007 65.500000000000014 67.500000000000014 2.8500000000000001 3.2500000000000004 7.5000000000000009 79.500000000000014 90.500000000000014 9.5000000000000018 8.5000000000000018
decision_type=2 2 2 2 2 2 2 2 2 2 2 2 2 2
left_child=1 4 5 11 -1 13 7 -7 9 -9 -4 -2 -13 -3
right_child=3 2 10 -5 -6 6 -8 8 -10 -11 -12 12 -14 -15
leaf_value=0.22309164068266801 -0.074663297085603875 -0.01405242465643404 0.24227886032190299 -0.25159958639024499 0.093436073897176397 -0.019230357172797096 -0.045563506454152157 -1.3706199741087095 -0.2197176550180113 -0.37371239078488938 -0.45825973390385433 -0.12357635867426155 -0.32859307322137132 0.069811508036388595
leaf_weight=3440 12118 15698 4081 4486 20446 651 11190 103 568 174 93 4551 1212 6483
leaf_count=3440 12118 15698 4081 4486 20446 651 11190 103 568 174 93 4551 1212 6483
internal_value=8.35249e-05 0.0476997 0.00828934 -0.133877 0.112113 -0.0178498 -0.0673472 -0.230217 -0.392652 -0.746216 0.226617 -0.104336 -0.166718 0.01046
internal_weight=85294 62927 39041 22367 23886 34867 12686 1496 845 277 4174 17881 5763 22181
internal_count=85294 62927 39041 22367 23886 34867 12686 1496 845 277 4174 17881 5763 22181
is_linear=0
shrinkage=0.03


Tree=8
num_leaves=15
num_cat=0
split_feature=0 6 0 10 4 6 0 11 10 6 0 0 7 0
split_gain=388145 99467.8 94427.9 62412.5 58597.8 53158.5 49465.3 43213.5 75925.6 38912.9 38683.9 36322.9 35180.6 34491.8
threshold=4.8500000000000005 4.5000000000000009 -5.9999999999999991 -0.49240387650610401 9.5000000000000018 2.5000000000000004 28.350000000000005 0.85286853195244328 -1.0000000180025095e-35 11.500000000000002 19.850000000000005 -11.449999999999998 4.5000000000000009 7.8500000000000005
decision_type=2 2 2 2 2 2 2 2 2 2 2 2 2 2
left_child=2 7 9 5 -3 -4 10 -2 -9 11 -6 -1 -10 -14
right_child=1 4 3 -5 6 -7 -8 8 12 -11 -12 -13 13 -15
leaf_value=0.4737806334033669 0.033407623471255865 -0.047717815772228327 0.065505759138021313 0.013711017524750473 -0.21725302754918982 0.19717588364601754 0.35234801951508643 0.25330574188881283 -0.055654709695330144 0.45697205981749012 -0.091794166692376764 0.16041341656325306 -0.64048888240898849 -0.21007075777030934
leaf_weight=366 15878 32993 6937 9396 3713 4583 185 355 508 555 5474 3654 281 416
leaf_count=366 15878 32993 6937 9396 3713 4583 185 355 508 555 5474 3654 281 416
internal_value=8.05445e-05 -0.0417016 0.0981022 0.0710943 -0.0665239 0.117895 -0.132722 0.0186034 -0.132038 0.221555 -0.142509 0.189 -0.245623 -0.383936
internal_weight=85294 59803 25491 20916 42365 11520 9372 17438 1560 4575 9187 4020 1205 697
internal_count=85294 59803 25491 20916 42365 11520 9372 17438 1560 4575 9187 4020 1205 697
is_linear=0
shrinkage=0.03


Tree=9
num_leaves=15
num_cat=0
split_feature=1 0 1 0 5 0 7 10 1 1 0 3 0 2
split_gain=555300 290633 87777.9 104677 80501.2 66698.9 111655 51648.5 43326.3 35661.9 35639 47537.8 39547.2 34667.1
threshold=81.500000000000014 14.450000000000001 50.500000000000007 -6.1499999999999995 17.500000000000004 13.800000000000002 2.5000000000000004 -0.9698463103929541 40.500000000000007 46.500000000000007 20.500000000000004 0.45000000000000007 6.2500000000000009 3.2000000000000006
decision_type=2 2 2 2 2 2 2 2 2 2 2 2 2 2
left_child=1 2 3 -1 10 -5 9 -4 -3 -7 11 12 -2 -13
right_child=4 8 7 5 -6 6 -8 -9 -10 -11 -12 13 -14 -15
leaf_value=0.3925787109017701 -0.20121777609322442 0.05222809979736949 0.14398975473919828 0.11369980110381775 -0.24193737425156742 0.40159824500932706 1.3922678539942179 0.04208610740135884 -0.051514553693025385 -0.2383311845234462 -0.044522622724191108 -0.11269874898634494 -0.78073883320403614 -0.52425321562194827
leaf_weight=1561 260 4390 5830 10600 4486 345 94 19277 20729 101 6615 10640 179 187
leaf_count=1561 260 4390 5830 10600 4486 345 94 19277 20729 101 6615 10640 179 187
internal_value=7.82608e-05 0.0457147 0.0982656 0.162534 -0.128313 0.130282 0.455376 0.0657513 -0.0333828 0.25657 -0.0998003 -0.132254 -0.438141 -0.119831
internal_weight=85294 62927 37808 12701 22367 11140 540 25107 25119 446 17881 11266 439 10827
internal_count=85294 62927 37808 12701 22367 11140 540 25107 25119 446 17881 11266 439 10827
is_linear=0
shrinkage=0.03


Tree=10
num_leaves=15
num_cat=0
split_feature=1 0 1 5 1 0 0 7 4 0 0 3 0 3
split_gain=514740 269833 102210 72211.8 70647.4 68951.2 68895.7 63140.1 45772.9 72409.3 45497.7 37037.4 35280.4 41891.8
threshold=81.500000000000014 9.3500000000000032 30.500000000000004 17.500000000000004 61.500000000000007 18.400000000000002 -6.6499999999999995 4.5000000000000009 8.5000000000000018 -2.5999999999999996 -3.0999999999999996 1.4500000000000002 20.500000000000004 0.45000000000000007
decision_type=2 2 2 2 2 2 2 2 2 2 2 2 2 2
left_child=1 4 5 12 6 -3 7 -1 -6 10 -10 -8 13 -2
right_child=3 2 -4 -5 8 -7 11 -9 9 -11 -12 -13 -14 -15
leaf_value=0.20121325936874143 -0.41476713706495283 0.31180737317144475 -0.030227704694467374 -0.23309291254752912 0.025214128426614215 0.0054124688672109586 0.012009032062896226 0.52525059111587025 0.053883221312479669 0.18926733362765882 -0.87067903500888022 0.14498650060384102 -0.042226246624579467 -0.11789110890425741
leaf_weight=2054 445 1370 30789 4399 9859 1277 2256 735 95 3104 96 11469 6586 10821
leaf_count=2054 445 1370 30789 4399 9859 1277 2256 735 95 3104 96 11469 6586 10821
internal_value=-0.000158752 0.0435882 -0.0148474 -0.124224 0.109445 0.164022 0.150761 0.286688 0.0575702 0.154364 -0.411863 0.12313 -0.0973906 -0.129636
internal_weight=85355 63104 33436 22251 29668 2647 16514 2789 13154 3295 191 13725 17852 11266
internal_count=85355 63104 33436 22251 29668 2647 16514 2789 13154 3295 191 13725 17852 11266
is_linear=0
shrinkage=0.03


Tree=11
num_leaves=15
num_cat=0
split_feature=1 0 1 6 1 5 1 0 6 7 1 0 10 1
split_gain=484323 254306 91126.8 69706.1 103568 67944.4 66865.6 62407.4 52591.4 40652.8 39000.1 43662.3 38372.3 95241.1
threshold=81.500000000000014 7.1500000000000012 26.500000000000004 3.5000000000000004 25.500000000000004 17.500000000000004 58.500000000000007 -6.4499999999999993 1.5000000000000002 4.5000000000000009 65.500000000000014 32.250000000000007 0.85286853195244328 71.500000000000014
decision_type=2 2 2 2 2 2 2 2 2 2 2 2 2 2
left_child=1 6 3 4 -3 -2 7 9 12 -1 11 -4 -8 -14
right_child=5 2 10 -5 -6 -7 8 -9 -10 -11 -12 -13 13 -15
leaf_value=0.22605007297710619 -0.094469422304031214 0.28471737193330671 0.014891538699985267 0.0476032870196599 1.339061148371721 -0.22610092237844562 -0.00053088177435241018 0.13119605376985419 0.10442838719356354 0.50436096748498449 -0.062958722866740438 -0.14657485288102781 -0.73721033077964293 0.4013907782588173
leaf_weight=1769 17852 644 21745 1127 96 4399 3409 10410 9410 645 11934 1619 197 99
leaf_count=1769 17852 644 21745 1127 96 4399 3409 10410 9410 645 11934 1619 197 99
internal_value=-0.000154027 0.0422807 -0.00803254 0.196197 0.422313 -0.120497 0.114367 0.163077 0.066734 0.300503 -0.0188375 0.00369976 -0.029003 -0.35635
internal_weight=85355 63104 37165 1867 740 22251 25939 12824 13115 2414 35298 23364 3705 296
internal_count=85355 63104 37165 1867 740 22251 25939 12824 13115 2414 35298 23364 3705 296
is_linear=0
shrinkage=0.03


Tree=12
num_leaves=15
num_cat=0
split_feature=1 0 1 6 5 0 1 4 11 0 7 1 0 0
split_gain=455704 240850 91321.1 67054.4 63929.6 62269.4 60478.1 58517.2 69046.3 50822.3 68325 49474.2 41511.9 41095.3
threshold=81.500000000000014 9.3500000000000032 30.500000000000004 11.500000000000002 17.500000000000004 18.400000000000002 58.500000000000007 7.5000000000000009 0.17101007166283447 0.8500000000000002 5.5000000000000009 79.500000000000014 -6.1499999999999995 -6.1499999999999995
decision_type=2 2 2 2 2 2 2 2 2 2 2 2 2 2
left_child=1 3 5 6 -2 -3 13 8 -8 10 -9 12 -5 -1
right_child=4 2 -4 11 -6 -7 7 9 -10 -11 -12 -13 -14 -15
leaf_value=0.25315440187223626 -0.09163541947799532 0.29532047288524804 -0.028733439957199819 0.49387263838153017 -0.21931866554299337 0.0041498653092015159 0.11524073521163886 0.030944364548088299 -0.055292028612307788 0.19732625253251221 -0.82269229485704487 -0.44814205094158349 0.19665460809886195 0.10815476369744642
leaf_weight=2130 17852 1370 30789 481 4399 1277 3211 672 6385 2990 96 98 3498 10107
leaf_count=2130 17852 1370 30789 481 4399 1277 3211 672 6385 2990 96 98 3498 10107
internal_value=-0.000149088 0.0410127 -0.0141954 0.103232 -0.116883 0.154879 0.0852267 0.0410763 0.00177412 0.141419 -0.0762221 0.216224 0.232642 0.133403
internal_weight=85355 63104 33436 29668 22251 2647 25591 13354 9596 3758 768 4077 3979 12237
internal_count=85355 63104 33436 29668 22251 2647 25591 13354 9596 3758 768 4077 3979 12237
is_linear=0
shrinkage=0.03


Tree=13
num_leaves=15
num_cat=0
split_feature=0 2 0 6 6 3 10 6 4 3 3 3 6 4
split_gain=294153 88114.6 71239.2 55907.4 47477.7 47413.5 45446.5 50005 49899 41543.6 50010.3 48124.2 39421.1 29775.4
threshold=4.8500000000000005 0.65000000000000002 -6.1499999999999995 4.5000000000000009 11.500000000000002 2.1500000000000008 -0.49240387650610401 3.5000000000000004 8.5000000000000018 0.55000000000000016 0.65000000000000002 0.35000000000000003 8.5000000000000018 1.0000000180025095e-35
decision_type=2 2 2 2 2 2 2 2 2 2 2 2 2 2
left_child=2 3 4 9 5 -1 7 -4 -9 11 -11 -2 -3 -8
right_child=1 12 6 -5 -6 -7 13 8 -10 10 -12 -13 -14 -15
leaf_value=0.061892810189084824 -0.064457865780393878 -0.093603423804091868 0.065703038267731176 -0.046254645981439399 0.47907183997133435 0.27891710582805507 -0.046810931920522568 0.24333988407672696 -0.18188705910936409 0.5047167735728183 0.019557124789621183 -0.94166018984610567 -0.27950083283689936 0.06014840847548375
leaf_weight=1964 165 2577 8848 38764 481 1682 4105 2818 272 193 16240 85 1707 5454
leaf_count=1964 165 2577 8848 38764 481 1682 4105 2818 272 193 16240 85 1707 5454
internal_value=-0.000144606 -0.0366215 0.0848839 -0.0264924 0.199042 0.162037 0.0629636 0.101995 0.205885 0.0194262 0.0252705 -0.364003 -0.167701 0.0142156
internal_weight=85355 59731 25624 55447 4127 3646 21497 11938 3090 16683 16433 250 4284 9559
internal_count=85355 59731 25624 55447 4127 3646 21497 11938 3090 16683 16433 250 4284 9559
is_linear=0
shrinkage=0.03


Tree=14
num_leaves=15
num_cat=0
split_feature=1 0 1 0 0 4 1 6 11 4 1 3 6 3
split_gain=417099 218096 77801.1 86659.4 65902.9 92056.1 49673.4 44399.4 52547 48744.3 41653.3 40287.4 38209 37780
threshold=81.500000000000014 14.450000000000001 50.500000000000007 -6.1499999999999995 13.800000000000002 1.0000000180025095e-35 90.500000000000014 11.500000000000002 0.17101007166283447 7.5000000000000009 79.500000000000014 1.9500000000000002 9.5000000000000018 1.6500000000000001
decision_type=2 2 2 2 2 2 2 2 2 2 2 2 2 2
left_child=1 2 3 -1 -5 -6 -2 8 -4 11 -9 13 -8 -10
right_child=6 -3 7 4 5 -7 12 10 9 -11 -12 -13 -14 -15
leaf_value=0.35352135654915651 -0.078496212367989454 -0.029226070327805654 0.095363119107473332 0.099486805803617795 0.84402199557372104 0.04750396269662039 -0.1343458921107758 0.19572247931537906 -0.027336466763832654 0.092406287187282637 -0.43336882985303848 0.047527111156028298 -0.28713830379281918 -0.18641653767618854
leaf_weight=1576 14332 25171 9350 10553 260 262 5962 2495 3988 3864 98 3461 1957 2026
leaf_count=1576 14332 25171 9350 10553 260 262 5962 2495 3988 3864 98 3461 1957 2026
internal_value=-0.000140256 0.0392395 0.0846707 0.145406 0.115776 0.444671 -0.11182 0.0542765 0.0408342 0.00260966 0.171866 -0.0340129 -0.172121 -0.080939
internal_weight=85355 63104 37933 12651 11075 522 22251 25282 22689 13339 2593 9475 7919 6014
internal_count=85355 63104 37933 12651 11075 522 22251 25282 22689 13339 2593 9475 7919 6014
is_linear=0
shrinkage=0.03


Tree=15
num_leaves=15
num_cat=0
split_feature=1 6 6 5 1 11 1 3 3 4 3 1 1 1
split_gain=393929 112929 168055 59109.2 46616.9 51168.4 58227.5 55479.8 47346.1 70295.9 47333.4 44119.3 40675.8 38568.4
threshold=81.500000000000014 11.500000000000002 3.5000000000000004 17.500000000000004 65.500000000000014 0.85286853195244328 67.500000000000014 2.8500000000000001 3.2500000000000004 7.5000000000000009 2.2500000000000004 34.500000000000007 79.500000000000014 71.500000000000014
decision_type=2 2 2 2 2 2 2 2 2 2 2 2 2 2
left_child=1 2 11 -2 -4 6 7 -6 9 -9 -7 -1 -3 -8
right_child=3 12 4 -5 5 10 13 8 -10 -11 -12 -13 -14 -15
leaf_value=0.18957220314700424 -0.083169409375782724 0.20405059175588516 0.012658314744148113 -0.20546587819848111 -0.0073252410114918922 -0.18183023018621056 0.080392855244656669 -1.3214914539394091 -0.20654608042488551 -0.34341527169073938 -0.94696494771920003 0.073017755038379317 -0.41611066243098332 -0.049520367807525487
leaf_weight=3409 17983 4088 22206 4434 687 1509 2981 100 557 195 76 20496 97 6630
leaf_count=3409 17983 4088 22206 4434 687 1509 2981 100 557 195 76 20496 97 6630
internal_value=0.000646074 0.0390603 0.0283507 -0.107363 -0.0135832 -0.0593394 -0.0366616 -0.207952 -0.369622 -0.676652 -0.218807 0.0896429 0.189628 -0.00922338
internal_weight=85448 63031 58846 22417 34941 12735 11150 1539 852 295 1585 23905 4185 9611
internal_count=85448 63031 58846 22417 34941 12735 11150 1539 852 295 1585 23905 4185 9611
is_linear=0
shrinkage=0.03


Tree=16
num_leaves=15
num_cat=0
split_feature=1 0 1 0 0 4 5 11 4 6 3 1 1 3
split_gain=370645 198229 64522 79016.2 61509.4 88533.7 55616.4 43130.1 47329 39552 36315.2 36068.1 35734.9 34826.7
threshold=81.500000000000014 14.450000000000001 50.500000000000007 -6.1499999999999995 13.800000000000002 1.0000000180025095e-35 17.500000000000004 0.17101007166283447 7.5000000000000009 11.500000000000002 1.9500000000000002 79.500000000000014 40.500000000000007 0.65000000000000002
decision_type=2 2 2 2 2 2 2 2 2 2 2 2 2 2
left_child=1 2 3 -1 -5 -6 -2 -4 9 10 -9 -11 -3 -10
right_child=6 12 7 4 5 -7 -8 8 13 11 -12 -13 -14 -15
leaf_value=0.33507109316166156 -0.080674396339056584 0.049982940224069315 0.10155924922089092 0.092419604831970939 0.81504993813650939 0.039808585433320623 -0.19930259751701557 -0.078317550018346657 0.48967519199818443 0.19847225798773638 0.044017725379728853 -0.40369134973379284 -0.043876804048220364 0.08507842743371391
leaf_weight=1577 17983 4430 10053 10606 262 268 4434 5991 200 1098 3436 97 20742 4271
leaf_count=1577 17983 4430 10053 10606 262 268 4434 5991 200 1098 3436 97 20742 4271
internal_value=0.000626123 0.0378878 0.0812686 0.136349 0.108193 0.423454 -0.104143 0.0534195 0.0213525 -0.0131144 -0.0337279 0.149443 -0.0273577 0.103231
internal_weight=85448 63031 37859 12713 11136 530 22417 25146 15093 10622 9427 1195 25172 4471
internal_count=85448 63031 37859 12713 11136 530 22417 25146 15093 10622 9427 1195 25172 4471
is_linear=0
shrinkage=0.03


Tree=17
num_leaves=15
num_cat=0
split_feature=0 2 0 6 3 7 6 3 3 3 10 6 4 3
split_gain=244238 72992.4 58064.8 44261.8 40229.4 45333.1 38882.5 37501.9 46056.7 43677.1 37248.1 46069.3 37357.9 28942.3
threshold=4.8500000000000005 0.65000000000000002 -6.1499999999999995 4.5000000000000009 1.7500000000000002 3.5000000000000004 8.5000000000000018 0.55000000000000016 0.65000000000000002 0.35000000000000003 -0.49240387650610401 3.5000000000000004 8.5000000000000018 0.25000000000000006
decision_type=2 2 2 2 2 2 2 2 2 2 2 2 2 2
left_child=2 3 4 7 -1 -6 -3 9 -9 -2 11 -4 -13 -12
right_child=1 6 10 -5 5 -7 -8 8 -10 -11 13 12 -14 -15
leaf_value=0.051918401206216644 -0.062490913978622123 -0.078655800829633929 0.058790532792995003 -0.040836839863281703 0.13043527191363635 0.37652724277372901 -0.26297031022494793 0.47502157383488303 0.017534188026021854 -0.90230259745219754 -0.51115712448364914 0.22415641961061936 -0.15598290261714418 0.019276518270873275
leaf_weight=1416 164 2610 8857 38895 1395 1304 1702 200 16226 84 93 2849 253 9400
leaf_count=1416 164 2610 8857 38895 1395 1304 1702 200 16226 84 93 2849 253 9400
internal_value=0.000607598 -0.0325339 0.0782282 -0.0233065 0.181448 0.249381 -0.15143 0.0175857 0.0231189 -0.348198 0.0584242 0.0936435 0.193131 0.0140531
internal_weight=85448 59881 25567 55569 4115 2699 4312 16674 16426 248 21452 11959 3102 9493
internal_count=85448 59881 25567 55569 4115 2699 4312 16674 16426 248 21452 11959 3102 9493
is_linear=0
shrinkage=0.03


Tree=18
num_leaves=15
num_cat=0
split_feature=1 6 6 1 11 6 6 1 1 6 1 1 6 7
split_gain=338690 98021.5 143194 46725.4 43319.8 49860.6 49835.9 42003.2 40897.4 40083.7 62354.2 35854.5 35108.1 34762.6
threshold=81.500000000000014 11.500000000000002 3.5000000000000004 90.500000000000014 0.85286853195244328 9.5000000000000018 4.5000000000000009 62.500000000000007 34.500000000000007 4.5000000000000009 79.500000000000014 79.500000000000014 9.5000000000000018 1.5000000000000002
decision_type=2 2 2 2 2 2 2 2 2 2 2 2 2 2
left_child=1 2 8 13 5 6 -4 -6 -1 10 -9 -3 -5 -2
right_child=3 11 4 12 7 -7 -8 9 -10 -11 -12 -13 -14 -15
leaf_value=0.17901906846332155 0.0031032611890681669 0.19002754306384789 0.048753368087336296 -0.12174129181487847 0.012392756983894989 0.067508076220680877 -0.048050239861191682 -0.89020047017325332 0.066801570048401704 -0.15272401845498093 0.10100836764319095 -0.39221805026714618 -0.26759003655762048 -0.098117484536641777
leaf_weight=3409 4390 4088 6529 6025 1340 7221 17928 169 20496 1668 86 97 1972 10030
leaf_count=3409 4390 4088 6529 6025 1340 7221 17928 169 20496 1668 86 97 1972 10030
internal_value=0.000589254 0.0362085 0.0262307 -0.0995615 -0.0124774 -0.0017557 -0.0222071 -0.116549 0.082808 -0.20638 -0.556355 0.176486 -0.157721 -0.0673028
internal_weight=85448 63031 58846 22417 34941 31678 24457 3263 23905 1923 255 4185 7997 14420
internal_count=85448 63031 58846 22417 34941 31678 24457 3263 23905 1923 255 4185 7997 14420
is_linear=0
shrinkage=0.03


Tree=19
num_leaves=15
num_cat=0
split_feature=1 0 1 3 0 0 1 6 1 7 11 7 7 6
split_gain=318674 169873 74878.1 53957.9 52995.7 51018.9 43964.6 43089.5 41399.7 51344.4 33126.6 32708.2 30948.2 30519.8
threshold=81.500000000000014 9.3500000000000032 30.500000000000004 1.9500000000000002 18.400000000000002 -6.6499999999999995 90.500000000000014 2.5000000000000004 64.500000000000014 3.5000000000000004 0.17101007166283447 1.5000000000000002 1.5000000000000002 11.500000000000002
decision_type=2 2 2 2 2 2 2 2 2 2 2 2 2 2
left_child=1 3 4 13 12 8 11 -7 9 -5 -8 -2 -3 -1
right_child=6 2 -4 5 -6 7 10 -9 -10 -11 -12 -13 -14 -15
leaf_value=0.025071729179542923 0.0030101740180508707 -0.083720149829954821 -0.024409880070864309 0.1642665278055111 0.00084784218822357921 0.05510965034506355 -0.075497070396091659 0.15676314861365756 -0.13535759059891445 0.50812162084926715 -0.2011102395019958 -0.095174105816090038 0.3252740143057084 0.17498549611397715
leaf_weight=11436 4390 193 30779 828 1267 7659 3064 7360 196 741 4933 10030 1204 1368
leaf_count=11436 4390 193 30779 828 1267 7659 3064 7360 196 741 4933 10030 1204 1368
internal_value=0.000571348 0.035122 -0.0112026 0.0874816 0.141365 0.122866 -0.0965749 0.104928 0.275429 0.326773 -0.15299 -0.0652838 0.268758 0.0410952
internal_weight=85448 63031 33443 29588 2664 16784 22417 15019 1765 1569 7997 14420 1397 12804
internal_count=85448 63031 33443 29588 2664 16784 22417 15019 1765 1569 7997 14420 1397 12804
is_linear=0
shrinkage=0.03


Tree=20
num_leaves=15
num_cat=0
split_feature=1 0 1 6 1 3 10 6 4 6 10 1 0 1
split_gain=306449 162329 70256.9 52504 91945.1 52352.5 75621.2 76452.5 43384.7 42473 48832.4 40641.4 39385.8 38352.4
threshold=81.500000000000014 9.3500000000000032 26.500000000000004 3.5000000000000004 25.500000000000004 1.9500000000000002 0.85286853195244328 1.5000000000000002 7.5000000000000009 11.500000000000002 0.17101007166283444 90.500000000000014 -6.6499999999999995 64.500000000000014
decision_type=2 2 2 2 2 2 2 2 2 2 2 2 2 2
left_child=1 5 3 4 -3 8 12 -8 9 10 -1 -2 13 -7
right_child=11 2 -4 -5 -6 6 7 -9 -10 -11 -12 -13 -14 -15
leaf_value=0.03946953055041616 -0.064491138532198219 0.23380983208313971 -0.021137999024218482 0.040874010716108536 1.2199031619928815 0.31804137747069311 -0.70762023682555319 0.00067298119368156711 0.14804436566479626 0.17990811376637045 -0.10932523253589102 -0.14907728824772548 0.11818660710640146 -0.12991001241220984
leaf_weight=5896 14414 629 31389 1133 98 1563 183 543 2665 1194 2992 7923 14222 193
leaf_count=5896 14414 629 31389 1133 98 1563 183 543 2665 1194 2992 7923 14222 193
internal_value=0.000917045 0.034909 -0.0105213 0.1686 0.367487 0.0861974 0.121138 -0.178224 0.0404073 0.0119491 -0.0106228 -0.0944969 0.134745 0.268783
internal_weight=85037 62700 33249 1860 727 29451 16704 726 12747 10082 8888 22337 15978 1756
internal_count=85037 62700 33249 1860 727 29451 16704 726 12747 10082 8888 22337 15978 1756
is_linear=0
shrinkage=0.03


Tree=21
num_leaves=15
num_cat=0
split_feature=1 1 6 6 3 5 6 6 7 1 6 6 2 1
split_gain=288774 97950.1 52765.6 62884.3 47316.8 46827.3 36051.2 30162.7 29592.7 37957.3 28658.8 25798.3 27400.4 25686.3
threshold=65.500000000000014 86.500000000000014 11.500000000000002 3.5000000000000004 0.45000000000000007 17.500000000000004 9.5000000000000018 8.5000000000000018 4.5000000000000009 40.500000000000007 11.500000000000002 11.500000000000002 0.25000000000000006 68.500000000000014
decision_type=2 2 2 2 2 2 2 2 2 2 2 2 2 2
left_child=2 11 3 8 10 6 -6 -5 9 -1 -3 12 13 -2
right_child=1 4 -4 7 5 -7 -8 -9 -10 -11 -12 -13 -14 -15
leaf_value=0.13309344722311969 -0.09915373345897964 -0.61902792418297148 0.17824781393138123 -0.0095296432792567158 -0.053280158279565816 -0.20619329950881451 -0.19474061745219073 0.067514842719724771 0.15129624305945447 0.025881188811828007 -0.018003466222085398 0.10158674782327348 0.13340327217030118 -0.019867209438711821
leaf_weight=4663 4478 263 2946 15679 9051 3385 1975 6456 4918 8195 98 1456 911 20563
leaf_count=4663 4478 263 2946 15679 9051 3385 1975 6456 4918 8195 98 1456 911 20563
internal_value=0.000889733 -0.0548354 0.0557346 0.0466892 -0.117106 -0.108597 -0.0786268 0.0129424 0.0887097 0.064766 -0.456128 -0.0212722 -0.0281669 -0.0340476
internal_weight=85037 42180 42857 39911 14772 14411 11026 22135 17776 12858 361 27408 25952 25041
internal_count=85037 42180 42857 39911 14772 14411 11026 22135 17776 12858 361 27408 25952 25041
is_linear=0
shrinkage=0.03


Tree=22
num_leaves=15
num_cat=0
split_feature=1 0 5 0 0 1 1 0 0 11 0 6 0 0
split_gain=273489 148625 50565 49750 39402.3 89759.8 36847.9 30466.6 29885.6 28784.8 34529.2 40765.1 32050.5 57651.5
threshold=81.500000000000014 14.450000000000001 17.500000000000004 -5.6999999999999984 13.800000000000002 39.500000000000007 50.500000000000007 -11.449999999999998 20.500000000000004 -1.0000000180025095e-35 9.6000000000000014 2.5000000000000004 -2.8499999999999992 3.9500000000000006
decision_type=2 2 2 2 2 2 2 2 2 2 2 2 2 2
left_child=1 3 8 6 9 -6 -1 -8 -2 10 11 -5 -11 -14
right_child=2 -3 -4 4 5 -7 7 -9 -10 12 -12 -13 13 -15
leaf_value=0.25679945797402098 -0.096570912482765711 -0.023702882819591816 -0.17987955316231716 0.052302714748485385 0.84143380761849651 0.090698547614877931 0.38770353358888027 0.05797207004646026 -0.016325256673122894 -0.1080172523971209 0.0044432666156040013 0.1665171445779714 0.10860741174425363 -0.0097847764629404414
leaf_weight=2048 11253 25022 4441 5703 186 620 279 2586 6643 1484 3839 5550 6202 9181
leaf_count=2048 11253 25022 4441 5703 186 620 279 2586 6643 1484 3839 5550 6202 9181
internal_value=0.000862963 0.032975 -0.089274 0.0706147 0.057264 0.264363 0.159635 0.0901451 -0.0667852 0.0520369 0.0821354 0.108639 0.025104 0.0379495
internal_weight=85037 62700 22337 37678 32765 806 4913 2865 17896 31959 15092 11253 16867 15383
internal_count=85037 62700 22337 37678 32765 806 4913 2865 17896 31959 15092 11253 16867 15383
is_linear=0
shrinkage=0.03


Tree=23
num_leaves=15
num_cat=0
split_feature=1 0 1 0 1 0 6 0 0 4 5 6 1 0
split_gain=260696 101102 87063.1 46288 38860.4 38150.3 35184.6 46425.9 46409.3 35963.1 34261.8 32838.6 32812.2 30950.8
threshold=65.500000000000014 17.750000000000004 86.500000000000014 -6.6499999999999995 34.500000000000007 11.15 1.5000000000000002 -2.5999999999999996 -4.0499999999999989 1.5000000000000002 17.500000000000004 9.5000000000000018 50.500000000000007 -11.449999999999998
decision_type=2 2 2 2 2 2 2 2 2 2 2 2 2 2
left_child=1 3 5 12 -5 6 7 8 -2 -9 11 -4 -1 -14
right_child=2 -3 10 4 -6 -7 -8 9 -10 -11 -12 -13 13 -15
leaf_value=0.28826478802551836 -0.15321273645856856 -0.016490289621428508 -0.06122210387937202 0.14960861974174253 0.05419517344072125 -0.054725892758024863 0.039076142800822049 -0.19768845815598521 -0.71410831567277877 0.097789912677571825 -0.19461282534230259 -0.19109502984108956 0.37609323324841548 0.025430225839992888
leaf_weight=1593 557 13102 9224 4653 22034 14150 10858 555 174 1114 3385 2163 279 1196
leaf_count=1593 557 13102 9224 4653 22034 14150 10858 555 174 1114 3385 2163 279 1196
internal_value=0.000837347 0.0529477 -0.0521094 0.0835232 0.0708335 -0.0204663 0.0160987 -0.0878401 -0.287124 -0.000494807 -0.110817 -0.0858995 0.193874 0.091866
internal_weight=85037 42857 42180 29755 26687 27408 13258 2400 731 1669 14772 11387 3068 1475
internal_count=85037 42857 42180 29755 26687 27408 13258 2400 731 1669 14772 11387 3068 1475
is_linear=0
shrinkage=0.03


end of trees

feature_importances:
기온=85
기준습도=80
월=54
풍속=34
전운량=20
시간대=15
풍향_cos=15
요일=13
풍향_sin=12
강수량=8

parameters:
[boosting: gbdt]
[objective: regression]
[metric: l1]
[tree_learner: serial]
[device_type: cpu]
[data_sample_strategy: bagging]
[data: ]
[valid: ]
[num_iterations: 24]
[learning_rate: 0.03]
[num_leaves: 15]
[num_threads: 0]
[seed: 0]
[deterministic: 0]
[force_col_wise: 0]
[force_row_wise: 0]
[histogram_pool_size: -1]
[max_depth: -1]
[min_data_in_leaf: 50]
[min_sum_hessian_in_leaf: 0.001]
[bagging_fraction: 0.8]
[pos_bagging_fraction: 1]
[neg_bagging_fraction: 1]
[bagging_freq: 5]
[bagging_seed: 3]
[bagging_by_query: 0]
[feature_fraction: 0.8]
[feature_fraction_bynode: 1]
[feature_fraction_seed: 2]
[extra_trees: 0]
[extra_seed: 6]
[early_stopping_round: 0]
[early_stopping_min_delta: 0]
[first_metric_only: 0]
[max_delta_step: 0]
[lambda_l1: 0.1]
[lambda_l2: 0.5]
[linear_lambda: 0]
[min_gain_to_split: 0]
[drop_rate: 0.1]
[max_drop: 50]
[skip_drop: 0.5]
[xgboost_dart_mode: 0]
[uniform_drop: 0]
[drop_seed: 4]
[top_rate: 0.2]
[other_rate: 0.1]
[min_data_per_group: 100]
[max_cat_threshold: 32]
[cat_l2: 10]
[cat_smooth: 10]
[max_cat_to_onehot: 4]
[top_k: 20]
[monotone_constraints: ]
[monotone_constraints_method: basic]
[monotone_penalty: 0]
[feature_contri: ]
[forcedsplits_filename: ]
[refit_decay_rate: 0.9]
[cegb_tradeoff: 1]
[cegb_penalty_split: 0]
[cegb_penalty_feature_lazy: ]
[cegb_penalty_feature_coupled: ]
[path_smooth: 0]
[interaction_constraints: ]
[verbosity: -1]
[saved_feature_importance_type: 0]
[use_quantized_grad: 0]
[num_grad_quant_bins: 4]
[quant_train_renew_leaf: 0]
[stochastic_rounding: 1]
[linear_tree: 0]
[max_bin: 255]
[max_bin_by_feature: ]
[min_data_in_bin: 3]
[bin_construct_sample_cnt: 200000]
[data_random_seed: 1]
[is_enable_sparse: 1]
[enable_bundle: 1]
[use_missing: 1]
[zero_as_missing: 0]
[feature_pre_filter: 1]
[pre_partition: 0]
[two_round: 0]
[header: 0]
[label_column: ]
[weight_column: ]
[group_column: ]
[ignore_column: ]
[categorical_feature: 12]
[forcedbins_filename: ]
[precise_float_parser: 0]
[parser_config_file: ]
[objective_seed: 5]
[num_class: 1]
[is_unbalance: 0]
[scale_pos_weight: 1]
[sigmoid: 1]
[boost_from_average: 1]
[reg_sqrt: 0]
[alpha: 0.9]
[fair_c: 1]
[poisson_max_delta_step: 0.7]
[tweedie_variance_power: 1.5]
[lambdarank_truncation_level: 30]
[lambdarank_norm: 1]
[label_gain: ]
[lambdarank_position_bias_regularization: 0]
[eval_at: ]
[multi_error_top_k: 1]
[auc_mu_weights: ]
[num_machines: 1]
[local_listen_port: 12400]
[time_out: 120]
[machine_list_filename: ]
[machines: ]
[gpu_platform_id: -1]
[gpu_device_id: -1]
[gpu_device_id_list: ]
[gpu_use_dp: 0]
[num_gpu: 1]

end of parameters

pandas_categorical:[["\ub2e4\uc0ac50315730", "\ub2e4\uc0ac50475974", "\ub2e4\uc0ac50515797", "\ub2e4\uc0ac50595826", "\ub2e4\uc0ac50765775", "\ub2e4\uc0ac50775880", "\ub2e4\uc0ac50905778", "\ub2e4\uc0ac50975857", "\ub2e4\uc0ac50985795", "\ub2e4\uc0ac50985837", "\ub2e4\uc0ac51135948", "\ub2e4\uc0ac51155877", "\ub2e4\uc0ac51155891", "\ub2e4\uc0ac51285821", "\ub2e4\uc0ac51286158", "\ub2e4\uc0ac51335740", "\ub2e4\uc0ac51335773", "\ub2e4\uc0ac51396051", "\ub2e4\uc0ac51405985", "\ub2e4\uc0ac51475825", "\ub2e4\uc0ac51495769", "\ub2e4\uc0ac51576011", "\ub2e4\uc0ac51605810", "\ub2e4\uc0ac51615722", "\ub2e4\uc0ac51626125", "\ub2e4\uc0ac51775928", "\ub2e4\uc0ac51805824", "\ub2e4\uc0ac51846131", "\ub2e4\uc0ac51855861", "\ub2e4\uc0ac51865887", "\ub2e4\uc0ac51875851", "\ub2e4\uc0ac52136096", "\ub2e4\uc0ac52145872", "\ub2e4\uc0ac52165942", "\ub2e4\uc0ac52206004", "\ub2e4\uc0ac52215870", "\ub2e4\uc0ac52245981", "\ub2e4\uc0ac52255785", "\ub2e4\uc0ac52255897", "\ub2e4\uc0ac52345938", "\ub2e4\uc0ac52355893", "\ub2e4\uc0ac52395834", "\ub2e4\uc0ac52395997", "\ub2e4\uc0ac52585946", "\ub2e4\uc0ac52645898", "\ub2e4\uc0ac52705790", "\ub2e4\uc0ac52885827", "\ub2e4\uc0ac52925912", "\ub2e4\uc0ac53175857", "\ub2e4\uc0ac53415894", "\ub2e4\uc0ac53615927", "\ub2e4\uc0ac53745927", "\ub2e4\uc0ac53755791", "\ub2e4\uc0ac54015858", "\ub2e4\uc0ac54025885", "\ub2e4\uc0ac54145957", "\ub2e4\uc0ac54205816", "\ub2e4\uc0ac54235873", "\ub2e4\uc0ac54315771", "\ub2e4\uc0ac54446143", "\ub2e4\uc0ac54515721", "\ub2e4\uc0ac54525738", "\ub2e4\uc0ac54535859", "\ub2e4\uc0ac54545798", "\ub2e4\uc0ac54585924", "\ub2e4\uc0ac54585999", "\ub2e4\uc0ac54676164", "\ub2e4\uc0ac54695726", "\ub2e4\uc0ac54696024", "\ub2e4\uc0ac54715768", "\ub2e4\uc0ac54735959", "\ub2e4\uc0ac54816041", "\ub2e4\uc0ac54825737", "\ub2e4\uc0ac54846258", "\ub2e4\uc0ac54855924", "\ub2e4\uc0ac54885787", "\ub2e4\uc0ac54885890", "\ub2e4\uc0ac54886040", "\ub2e4\uc0ac54955831", "\ub2e4\uc0ac54956013", "\ub2e4\uc0ac55035750", "\ub2e4\uc0ac55035844", "\ub2e4\uc0ac55056285", "\ub2e4\uc0ac55076065", "\ub2e4\uc0ac55085933", "\ub2e4\uc0ac55146054", "\ub2e4\uc0ac55305741", "\ub2e4\uc0ac55306092", "\ub2e4\uc0ac55386124", "\ub2e4\uc0ac55396003", "\ub2e4\uc0ac55405754", "\ub2e4\uc0ac55405904", "\ub2e4\uc0ac55445870", "\ub2e4\uc0ac55476140", "\ub2e4\uc0ac55506361", "\ub2e4\uc0ac55556071", "\ub2e4\uc0ac55636003", "\ub2e4\uc0ac55656044", "\ub2e4\uc0ac55656125", "\ub2e4\uc0ac55705883", "\ub2e4\uc0ac55805911", "\ub2e4\uc0ac55825947", "\ub2e4\uc0ac55846087", "\ub2e4\uc0ac55846471", "\ub2e4\uc0ac55855862", "\ub2e4\uc0ac55966366", "\ub2e4\uc0ac56185872", "\ub2e4\uc0ac56195897", "\ub2e4\uc0ac56425986", "\ub2e4\uc0ac56436020", "\ub2e4\uc0ac56536202", "\ub2e4\uc0ac56656231", "\ub2e4\uc0ac56665927", "\ub2e4\uc0ac56685865", "\ub2e4\uc0ac56705899", "\ub2e4\uc0ac56716247", "\ub2e4\uc0ac56756128", "\ub2e4\uc0ac56795841", "\ub2e4\uc0ac56966353", "\ub2e4\uc0ac56976453"]]
